      1 1002
      1 1004
      1 1008
      1 1010
      1 1026
      1 1029
      1 1034
      1 1038
      1 1043
      1 1052
      1 1055
      1 1057
      1 1059
      1 1066
      1 1067
      1 1069
      1 1073
      1 1074
      1 1080
      1 1083
      1 1097
      1 1098
      1 1101
      1 1106
      1 1110
      1 1112
      1 1114
      1 1117
      1 1118
      1 1122
      1 1127
      1 1128
      1 1137
      1 1138
      1 1139
      1 1144
      1 1145
      1 1168
      1 1170
      1 1174
      1 1175
      1 1176
      1 1180
      1 1183
      1 1184
      1 1192
      1 1196
      1 1206
      1 1207
      1 1218
      1 1219
      1 1221
      1 1223
      1 1226
      1 1234
      1 1237
      1 1238
      1 1255
      1 1257
      1 1265
      1 1277
      1 1294
      1 1297
      1 1300
      1 1308
      1 1311
      1 1316
      1 1318
      1 1326
      1 1328
      1 1336
      1 1340
      1 1347
      1 1352
      1 1356
      1 1357
      1 1359
      1 1361
      1 1368
      1 1375
      1 1376
      1 1379
      1 1382
      1 1388
      1 1392
      1 1404
      1 1416
      1 1426
      1 1428
      1 1429
      1 1436
      1 1438
      1 1443
      1 1444
      1 1452
      1 1456
      1 1459
      1 1466
      1 1469
      1 1472
      1 1485
      1 1488
      1 1490
      1 1492
      1 1493
      1 1494
      1 1498
      1 1513
      1 1521
      1 1524
      1 1525
      1 1532
      1 1534
      1 1540
      1 1542
      1 1543
      1 1545
      1 1550
      1 1551
      1 1555
      1 1558
      1 1560
      1 1561
      1 1563
      1 1570
      1 1581
      1 1584
      1 1590
      1 1593
      1 1601
      1 1602
      1 1613
      1 1621
      1 1622
      1 1624
      1 1639
      1 1642
      1 1650
      1 1658
      1 1662
      1 1675
      1 1679
      1 1684
      1 1690
      1 1691
      1 1692
      1 1696
      1 1701
      1 1703
      1 1706
      1 1707
      1 1708
      1 1710
      1 1720
      1 1725
      1 1730
      1 1739
      1 1744
      1 1754
      1 1761
      1 1767
      1 1770
      1 1773
      1 1774
      1 1777
      1 1790
      1 1792
      1 1795
      1 1798
      1 1803
      1 1804
      1 1805
      1 1808
      1 1823
      1 1827
      1 1844
      1 1860
      1 1872
      1 1873
      1 1874
      1 1875
      1 1884
      1 1885
      1 1891
      1 1915
      1 1917
      1 1929
      1 1933
      1 1942
      1 1943
      1 1952
      1 1963
      1 1966
      1 1982
      1 2010
      1 2020
      1 2024
      1 2032
      1 2038
      1 2040
      1 2049
      1 2053
      1 2066
      1 2090
      1 2102
      1 2111
      1 2112
      1 2122
      1 2136
      1 2138
      1 2154
      1 2156
      1 2167
      1 2173
      1 2179
      1 2195
      1 2196
      1 2203
      1 2209
      1 2220
      1 2223
      1 2243
      1 2254
      1 2266
      1 2280
      1 2295
      1 2303
      1 2308
      1 2310
      1 2317
      1 2325
      1 2333
      1 2337
      1 2338
      1 2346
      1 2347
      1 2348
      1 2359
      1 2363
      1 2366
      1 2369
      1 2377
      1 2382
      1 2389
      1 2390
      1 2396
      1 2399
      1 2400
      1 2404
      1 2406
      1 2414
      1 2420
      1 2425
      1 2433
      1 2434
      1 2435
      1 2439
      1 2440
      1 2445
      1 2449
      1 2460
      1 2464
      1 2468
      1 247
      1 2471
      1 2475
      1 2480
      1 2481
      1 2487
      1 2500
      1 2508
      1 2511
      1 2519
      1 2522
      1 2525
      1 2534
      1 2536
      1 2540
      1 2549
      1 2550
      1 2551
      1 2556
      1 2563
      1 2570
      1 2577
      1 2581
      1 2586
      1 2588
      1 2593
      1 2598
      1 2604
      1 2605
      1 2608
      1 2610
      1 2612
      1 2613
      1 2614
      1 2619
      1 2621
      1 2623
      1 2630
      1 2643
      1 2647
      1 2652
      1 2654
      1 2659
      1 2661
      1 2663
      1 2671
      1 2676
      1 2679
      1 2682
      1 2690
      1 2691
      1 2692
      1 2702
      1 2704
      1 2705
      1 2716
      1 2717
      1 2718
      1 2722
      1 2728
      1 2731
      1 2736
      1 2741
      1 2743
      1 2746
      1 2752
      1 2759
      1 2760
      1 2762
      1 2764
      1 2767
      1 2769
      1 2771
      1 2772
      1 2777
      1 2780
      1 2781
      1 2784
      1 2786
      1 2796
      1 2803
      1 2804
      1 281
      1 2815
      1 2820
      1 2821
      1 2832
      1 2841
      1 2842
      1 2847
      1 2856
      1 2857
      1 2859
      1 2866
      1 2882
      1 2886
      1 2887
      1 2894
      1 2915
      1 2923
      1 2935
      1 2936
      1 2939
      1 2940
      1 2962
      1 2968
      1 2969
      1 2970
      1 2971
      1 2973
      1 2981
      1 2992
      1 3002
      1 3008
      1 3037
      1 3050
      1 3052
      1 3061
      1 3079
      1 3082
      1 3107
      1 3123
      1 3127
      1 3135
      1 3137
      1 3154
      1 3170
      1 3202
      1 3259
      1 3309
      1 342
      1 3437
      1 3442
      1 345
      1 358
      1 376
      1 409
      1 436
      1 437
      1 441
      1 449
      1 456
      1 464
      1 47
      1 474
      1 486
      1 496
      1 5
      1 506
      1 512
      1 514
      1 518
      1 519
      1 538
      1 542
      1 548
      1 556
      1 557
      1 559
      1 560
      1 563
      1 564
      1 567
      1 571
      1 573
      1 574
      1 576
      1 580
      1 584
      1 586
      1 589
      1 591
      1 594
      1 596
      1 597
      1 599
      1 600
      1 605
      1 607
      1 608
      1 610
      1 613
      1 615
      1 619
      1 621
      1 622
      1 623
      1 624
      1 627
      1 63
      1 630
      1 632
      1 633
      1 635
      1 641
      1 646
      1 652
      1 656
      1 657
      1 658
      1 661
      1 664
      1 668
      1 670
      1 672
      1 673
      1 674
      1 675
      1 683
      1 685
      1 686
      1 687
      1 688
      1 692
      1 696
      1 702
      1 715
      1 716
      1 721
      1 724
      1 726
      1 727
      1 732
      1 733
      1 735
      1 736
      1 739
      1 740
      1 741
      1 746
      1 748
      1 751
      1 752
      1 754
      1 759
      1 761
      1 768
      1 769
      1 771
      1 772
      1 776
      1 778
      1 780
      1 781
      1 782
      1 786
      1 790
      1 791
      1 792
      1 794
      1 802
      1 806
      1 809
      1 810
      1 814
      1 816
      1 825
      1 836
      1 841
      1 846
      1 847
      1 854
      1 862
      1 866
      1 868
      1 869
      1 872
      1 875
      1 877
      1 878
      1 881
      1 886
      1 887
      1 888
      1 890
      1 892
      1 901
      1 916
      1 927
      1 928
      1 929
      1 932
      1 933
      1 934
      1 937
      1 951
      1 953
      1 957
      1 958
      1 960
      1 961
      1 965
      1 970
      1 971
      1 974
      1 976
      1 980
      1 983
      1 987
      1 995
      1 997
      1 998
      1 999
      2 1032
      2 1060
      2 1061
      2 1108
      2 1116
      2 1130
      2 1194
      2 1262
      2 1276
      2 1284
      2 1344
      2 1424
      2 1496
      2 1580
      2 1591
      2 1685
      2 1687
      2 1758
      2 1763
      2 1895
      2 1897
      2 1990
      2 2016
      2 205
      2 2100
      2 2278
      2 2367
      2 2372
      2 2443
      2 2458
      2 2459
      2 2565
      2 2609
      2 2660
      2 2701
      2 2712
      2 2756
      2 2765
      2 2818
      2 2876
      2 2959
      2 366
      2 378
      2 380
      2 388
      2 394
      2 396
      2 398
      2 400
      2 410
      2 414
      2 420
      2 430
      2 438
      2 458
      2 470
      2 472
      2 480
      2 484
      2 508
      2 510
      2 516
      2 522
      2 524
      2 526
      2 528
      2 533
      2 534
      2 540
      2 544
      2 562
      2 568
      2 582
      2 588
      2 602
      2 606
      2 616
      2 620
      2 626
      2 628
      2 634
      2 642
      2 644
      2 654
      2 678
      2 682
      2 684
      2 690
      2 694
      2 704
      2 705
      2 708
      2 710
      2 711
      2 720
      2 734
      2 749
      2 793
      2 798
      2 807
      2 808
      2 812
      2 824
      2 833
      2 853
      2 864
      2 893
      2 894
      2 920
      2 924
      2 984
      3 1126
      3 2559
      3 2566
      3 274
      3 2898
      3 324
      3 332
      3 340
      3 360
      3 370
      3 372
      3 384
      3 402
      3 408
      3 424
      3 426
      3 442
      3 444
      3 460
      3 468
      3 476
      3 482
      3 490
      3 492
      3 494
      3 520
      3 532
      3 536
      3 546
      3 554
      3 614
      3 660
      3 662
      3 666
      3 676
      3 714
      3 750
      3 839
      3 860
      3 876
      3 978
      4 296
      4 344
      4 348
      4 352
      4 354
      4 362
      4 390
      4 406
      4 434
      4 446
      4 450
      4 452
      4 454
      4 46
      4 478
      4 488
      4 500
      4 502
      4 530
      4 550
      4 590
      4 722
      5 182
      5 276
      5 298
      5 328
      5 346
      5 416
      5 418
      5 422
      5 428
      5 462
      5 466
      5 498
      5 638
      6 244
      6 252
      6 268
      6 284
      6 300
      6 318
      6 320
      6 322
      6 326
      6 338
      6 368
      6 382
      6 386
      6 412
      6 448
      7 224
      7 228
      7 260
      7 280
      7 306
      7 310
      7 314
      7 334
      7 364
      7 374
      7 42
      8 142
      8 172
      8 200
      8 214
      8 238
      8 258
      8 272
      8 278
      8 286
      8 290
      8 302
      8 312
      8 330
      8 350
      8 356
      8 40
      8 440
      8 70
      9 210
      9 212
      9 218
      9 240
      9 242
      9 250
      9 270
      9 316
      9 336
      9 52
     10 186
     10 202
     10 216
     10 226
     10 282
     10 288
     10 292
     10 294
     10 308
     10 60
     11 106
     11 144
     11 162
     11 194
     11 196
     11 222
     11 264
     11 304
     11 62
     11 72
     11 84
     11 86
     12 150
     12 156
     12 160
     12 164
     12 192
     12 236
     12 256
     12 262
     12 266
     12 94
     13 102
     13 148
     13 152
     13 168
     13 176
     13 180
     13 208
     13 220
     13 248
     13 254
     13 76
     13 80
     14 108
     14 118
     14 136
     14 154
     14 188
     14 190
     14 48
     14 54
     14 64
     15 100
     15 138
     15 158
     15 206
     15 232
     15 234
     15 50
     15 58
     15 74
     16 132
     16 204
     16 38
     16 56
     16 66
     16 82
     17 110
     17 116
     17 124
     17 178
     17 198
     18 104
     18 112
     18 128
     18 166
     18 170
     18 184
     18 36
     18 44
     18 78
     18 90
     18 96
     19 122
     19 130
     19 246
     19 32
     19 92
     20 120
     20 126
     20 134
     20 146
     20 174
     20 98
     21 28
     21 34
     22 140
     22 230
     22 30
     22 68
     22 88
     24 114
     30 26
     32 24
     41 22
     47 20
     50 18
     89 16
    103 14
    142 12
    174 10
    212 8
    443 6
    960 4
   4346 2
